# r BBdust BBsync BBalphadust BBbetadust BBalphasync BBbetasync BBdustsynccorr
  1.1197407E-04   4.9041466E-04  -5.0632297E-04   4.8430137E-05   2.5472338E-04  -4.9018344E-05  -3.2377288E-04  -2.8808070E-04
  4.9041466E-04   5.7213995E-01  -6.8917360E-03  -6.4318758E-02   5.7740018E-02  -8.5401255E-05  -3.0487276E-03   3.3645077E-02
 -5.0632297E-04  -6.8917360E-03   2.1501401E-01  -5.8159652E-04  -2.2630327E-03   1.7194944E-02  -2.5520608E-02   5.4121737E-03
  4.8430137E-05  -6.4318758E-02  -5.8159652E-04   3.4819109E-02   4.2849837E-04   2.1321460E-04   3.3898214E-04   2.5646935E-03
  2.5472338E-04   5.7740018E-02  -2.2630327E-03   4.2849837E-04   1.5854589E-02   3.8673221E-04  -9.6447444E-04   1.0298536E-02
 -4.9018344E-05  -8.5401255E-05   1.7194944E-02   2.1321460E-04   3.8673221E-04   8.2311602E-02   4.7700629E-04   6.0251212E-03
 -3.2377288E-04  -3.0487276E-03  -2.5520608E-02   3.3898214E-04  -9.6447444E-04   4.7700629E-04   8.2514407E-02   8.0527950E-03
 -2.8808070E-04   3.3645077E-02   5.4121737E-03   2.5646935E-03   1.0298536E-02   6.0251212E-03   8.0527950E-03   1.2216165E-01
