# omegabh2 omegach2 theta tau logA ns r calPlanck BBdust BBsync BBalphadust BBbetadust BBalphasync BBbetasync BBdustsynccorr acib217 xi asz143 aps100 aps143 aps143217 aps217 aksz kgal100 kgal143 kgal143217 kgal217 galfTE100 galfTE100143 galfTE100217 galfTE143 galfTE143217 galfTE217 cal0 cal2
  2.0826467E-08  -9.1609988E-08   1.5543879E-08   3.1830166E-07   5.5697378E-07   2.4040047E-07   5.7008308E-08   2.5260120E-08  -7.5247487E-07   1.1662275E-07   3.1820227E-07  -3.1338822E-07   7.7912108E-08   1.5275219E-07   3.5692636E-07  -7.8754515E-05   1.7706312E-06   1.8179231E-05  -3.6189437E-04  -2.0724391E-04  -5.7837266E-05   1.4922317E-05  -3.5326074E-05  -1.9462991E-06  -1.0289339E-05  -1.3505099E-05   7.7622572E-06  -5.1901043E-08  -4.7550661E-08  -1.0060390E-07  -2.7345537E-07  -4.7112534E-07  -2.1845076E-06   2.8562835E-09  -1.5455740E-09
 -9.1609988E-08   1.4069060E-06  -1.1554846E-07  -4.0430274E-06  -5.5061510E-06  -3.3249076E-06  -8.9573063E-07  -3.2905809E-07   1.0510765E-05  -3.6191194E-07  -4.0105995E-06   3.9428616E-06  -5.5455797E-07  -1.7542806E-06  -3.9845617E-06   2.1795606E-04  -5.3484007E-06  -7.2239303E-05   1.3594780E-03   8.8707343E-04   3.5729261E-04   5.7608924E-05   1.2239792E-04  -7.1248123E-07   3.2414232E-05   4.2876478E-05  -1.7686851E-05   3.9880957E-07   9.2091841E-08   2.9662718E-07   1.3608885E-06   2.3386801E-06   1.2859488E-05  -8.7923646E-09   6.5815210E-09
  1.5543879E-08  -1.1554846E-07   9.4144752E-08   4.2379580E-07   7.3375838E-07   3.9051833E-07   5.7261163E-08   3.2049204E-08  -1.1929519E-06   1.6860844E-08   4.7091686E-07  -2.9872036E-07   3.9521747E-08   1.4263931E-07   4.0278171E-07  -1.0826070E-05   4.3669955E-07   4.4517882E-06  -1.0588921E-04  -7.3345476E-05  -3.6817654E-05  -2.1632369E-05  -6.9179400E-06   2.1055818E-06  -3.0244515E-06  -5.2674650E-06  -1.7645929E-06  -5.3895264E-08  -3.2499546E-08  -1.4148318E-07  -2.3952961E-07  -4.2432647E-07  -2.0407817E-06   1.2240805E-09  -8.0837956E-11
  3.1830166E-07  -4.0430274E-06   4.2379580E-07   5.5499384E-05   9.8739528E-05   1.2021217E-05  -7.9765716E-07  -1.0268132E-06   2.8041449E-05  -9.6061380E-06  -7.1435594E-06   1.0608882E-05  -2.7138829E-06  -6.1149119E-06  -1.2635037E-05  -1.7839870E-03   2.7848651E-05   4.7189131E-04  -1.0505568E-02  -5.2081025E-03  -1.8426070E-03  -4.6016278E-04  -7.7711850E-04   4.2631516E-05  -1.1276061E-04  -2.1837837E-04   7.3428959E-06  -2.0943406E-06  -7.4467245E-07  -9.9886101E-07  -5.3792882E-06  -7.3659304E-06  -4.2021699E-05  -2.4733920E-08  -5.9645920E-08
  5.5697378E-07  -5.5061510E-06   7.3375838E-07   9.8739528E-05   2.0472458E-04   1.6505255E-05  -5.6294465E-06   9.2536964E-06   1.0674065E-04  -1.8811133E-05  -3.2953613E-05   3.9274066E-05  -9.2090983E-06  -2.1149479E-05  -3.8224690E-05  -3.3839996E-03   8.7234108E-05   7.5425383E-04  -1.4872757E-02  -7.3764598E-03  -5.9821559E-04   4.6189672E-03  -2.0335051E-03  -1.9601154E-04  -7.2849312E-04  -8.7741729E-04   1.4131095E-03  -2.4926784E-06  -2.1368527E-06  -2.2651764E-06  -1.0038962E-05  -1.2206321E-05  -5.1156696E-05   7.1945182E-08  -1.1642950E-07
  2.4040047E-07  -3.3249076E-06   3.9051833E-07   1.2021217E-05   1.6505255E-05   1.6828912E-05   3.5156177E-06   7.9380124E-07  -1.8310218E-05  -5.9419313E-06   1.1596376E-05  -5.5994624E-06   4.5524954E-07  -1.1871835E-06   5.4286747E-06  -4.3462424E-03   9.8641109E-05   9.1052747E-04  -2.2963046E-02  -6.6937304E-03   1.2932504E-03   4.7433161E-03  -2.2214646E-03   2.7814559E-04  -4.1322864E-04  -4.0696095E-04   1.1502589E-03  -1.1173777E-06   1.7160067E-07  -2.0697849E-07  -3.1982439E-06  -4.2516698E-06  -2.8127954E-05  -5.7723272E-08  -7.7212348E-08
  5.7008308E-08  -8.9573063E-07   5.7261163E-08  -7.9765716E-07  -5.6294465E-06   3.5156177E-06   9.8983137E-05  -7.1299468E-07   4.3727315E-04  -4.7185514E-04   4.8913933E-05   2.2459258E-04  -4.6460127E-05  -2.9855325E-04  -2.5421226E-04  -5.8718716E-04   8.5433669E-06   1.7576431E-04  -3.4957921E-03  -1.3146472E-03  -1.2365284E-04   2.0704616E-04  -2.8448890E-04  -5.3328467E-05  -7.1410995E-05  -8.2801883E-05  -1.1041136E-04   1.3758301E-06   1.3838267E-06  -4.7781740E-07   2.6219848E-06  -3.1997179E-07  -9.3988324E-06  -1.9525108E-08  -2.9072048E-08
  2.5260120E-08  -3.2905809E-07   3.2049204E-08  -1.0268132E-06   9.2536964E-06   7.9380124E-07  -7.1299468E-07   6.0232999E-06   1.3094988E-05  -7.0937331E-07  -4.5129482E-06   4.6626351E-06  -8.9121845E-07  -2.9425746E-06  -3.0202311E-06   6.3628968E-04  -1.1264049E-07  -5.5914833E-06   3.6088279E-03   5.0153301E-04   3.2083213E-04   1.2089994E-03  -1.5189830E-05   1.2463519E-05  -8.4113612E-06  -9.4768903E-06   7.7225171E-04   3.9757169E-07  -2.3520354E-07  -9.6959242E-08  -7.4011946E-07  -6.6622978E-07   5.2040425E-06  -1.2657212E-09  -4.0807362E-10
 -7.5247487E-07   1.0510765E-05  -1.1929519E-06   2.8041449E-05   1.0674065E-04  -1.8310218E-05   4.3727315E-04   1.3094988E-05   5.7094325E-01  -7.3517745E-03  -6.4136789E-02   5.7697177E-02   4.8659291E-04  -3.1026938E-03   3.4640699E-02  -5.0420871E-03   1.9270483E-04   1.9416773E-03  -2.1726708E-02   9.2360241E-03   1.8569251E-02   2.0858483E-02  -2.9382593E-03   1.3714299E-04  -6.2897595E-04  -1.0406374E-03   2.0768740E-03   2.6042922E-05   4.7775542E-06  -9.3746611E-05   4.4916043E-05  -4.2436098E-05  -1.9724221E-04  -2.1675909E-07  -4.4902980E-07
  1.1662275E-07  -3.6191194E-07   1.6860844E-08  -9.6061380E-06  -1.8811133E-05  -5.9419313E-06  -4.7185514E-04  -7.0937331E-07  -7.3517745E-03   2.1637633E-01  -4.9783334E-04  -2.4368840E-03   1.7466222E-02  -2.5389915E-02   4.7257468E-03   4.2177700E-03  -8.8650190E-06   1.6287156E-03  -1.7751867E-02  -1.8360142E-03   4.3961890E-03  -4.6821358E-03   8.2608361E-04  -7.4774374E-04  -1.3207942E-04  -3.3693573E-04  -2.6028176E-03  -2.9456794E-05  -1.0183928E-05   2.9927887E-05  -1.7041140E-05  -8.0767493E-06  -8.6453424E-05   1.7783981E-07   1.5825349E-07
  3.1820227E-07  -4.0105995E-06   4.7091686E-07  -7.1435594E-06  -3.2953613E-05   1.1596376E-05   4.8913933E-05  -4.5129482E-06  -6.4136789E-02  -4.9783334E-04   3.4845191E-02   3.8276850E-04   3.8587718E-04   3.0966705E-04   2.5366089E-03  -1.3327305E-03   1.0924825E-04   3.7899920E-04  -6.8891992E-03  -2.9819105E-03   8.8630300E-05  -1.4283124E-03  -1.1528802E-03   4.8705232E-04   2.2550659E-05   5.4544776E-04   8.4763785E-05   9.8436921E-07   9.1691915E-06  -1.4385805E-05   1.6997915E-06  -2.5242853E-05  -8.6947540E-05   1.3538669E-08  -2.5151900E-08
 -3.1338822E-07   3.9428616E-06  -2.9872036E-07   1.0608882E-05   3.9274066E-05  -5.5994624E-06   2.2459258E-04   4.6626351E-06   5.7697177E-02  -2.4368840E-03   3.8276850E-04   1.5801220E-02   4.0272094E-04  -8.7170737E-04   1.0357704E-02  -7.4582846E-04   4.7246812E-05   3.4906980E-04  -6.5288671E-03   2.1743323E-03   4.3575410E-03   4.8679489E-03  -1.1384849E-03   1.9659548E-04  -2.0054609E-04  -7.6378814E-05   9.5401547E-04   1.9582950E-06   6.2787300E-06  -1.7123440E-05   1.6320077E-05  -3.6861514E-06  -3.4184341E-05  -1.0593855E-07  -1.0695370E-07
  7.7912108E-08  -5.5455797E-07   3.9521747E-08  -2.7138829E-06  -9.2090983E-06   4.5524954E-07  -4.6460127E-05  -8.9121845E-07   4.8659291E-04   1.7466222E-02   3.8587718E-04   4.0272094E-04   8.2539156E-02   9.7712524E-04   6.1644108E-03   3.9986968E-03  -1.7444197E-07   7.7907140E-06  -3.3018082E-03  -2.5984869E-04  -5.5210742E-04  -5.3003208E-03   7.7682402E-04   1.8295823E-04  -7.2785538E-04  -1.0729791E-03  -4.5149933E-03  -1.1718471E-05   6.6971845E-07  -4.0097430E-05   3.0144179E-05   4.0601261E-05   2.8403674E-05   2.1929867E-09   1.8028488E-07
  1.5275219E-07  -1.7542806E-06   1.4263931E-07  -6.1149119E-06  -2.1149479E-05  -1.1871835E-06  -2.9855325E-04  -2.9425746E-06  -3.1026938E-03  -2.5389915E-02   3.0966705E-04  -8.7170737E-04   9.7712524E-04   8.2662558E-02   8.1045439E-03  -2.0562193E-05  -1.7353366E-04  -1.1358578E-03   6.5382134E-03  -5.0772690E-03  -9.1671299E-03  -4.1815233E-03   2.3702992E-03   4.2410605E-04  -1.1721420E-04  -1.8472127E-03  -2.6330139E-03   3.0338493E-06  -1.4323492E-05   4.7049049E-05  -3.8363488E-05   8.6537560E-06   1.2579450E-04  -5.5497039E-08  -1.8848031E-07
  3.5692636E-07  -3.9845617E-06   4.0278171E-07  -1.2635037E-05  -3.8224690E-05   5.4286747E-06  -2.5421226E-04  -3.0202311E-06   3.4640699E-02   4.7257468E-03   2.5366089E-03   1.0357704E-02   6.1644108E-03   8.1045439E-03   1.2091304E-01  -1.4210885E-03   9.3677183E-05  -7.6499491E-04  -3.1055144E-03   4.3504007E-03   3.6101159E-03   1.3123490E-03  -3.8314632E-04   8.6458868E-04  -5.0770368E-04  -1.1687720E-03  -5.0942096E-04  -4.3454917E-06   1.4629126E-05   1.9626729E-05  -4.2064832E-06  -4.9133827E-05  -1.2839474E-04   3.1839427E-08   4.1403048E-08
 -7.8754515E-05   2.1795606E-04  -1.0826070E-05  -1.7839870E-03  -3.3839996E-03  -4.3462424E-03  -5.8718716E-04   6.3628968E-04  -5.0420871E-03   4.2177700E-03  -1.3327305E-03  -7.4582846E-04   3.9986968E-03  -2.0562193E-05  -1.4210885E-03   4.4242241E+01  -3.9162366E-01  -7.6711967E-01   3.4868539E+01   1.5453044E+00  -1.2941719E+01  -5.4581748E+01  -2.3678881E-01   1.6103772E-01   5.3499146E-01  -5.8455461E+00  -3.3203709E+01  -4.7145854E-04   4.7360717E-04   1.4191023E-03  -1.2127476E-04  -1.4782974E-03   6.7987122E-03  -2.0195455E-04   7.1612935E-04
  1.7706312E-06  -5.3484007E-06   4.3669955E-07   2.7848651E-05   8.7234108E-05   9.8641109E-05   8.5433669E-06  -1.1264049E-07   1.9270483E-04  -8.8650190E-06   1.0924825E-04   4.7246812E-05  -1.7444197E-07  -1.7353366E-04   9.3677183E-05  -3.9162366E-01   8.1359768E-02  -4.2340820E-02  -5.5275087E-01   9.1892687E-01   1.6946812E+00   6.3140950E-01   4.5636913E-02  -6.8968152E-03   1.1086430E-02   1.1173424E-01   1.4622003E-01  -1.3812886E-06  -4.9480090E-06  -2.0840582E-05  -6.6758774E-06   6.8697941E-06  -1.2326237E-05   4.3845083E-06  -2.0581454E-06
  1.8179231E-05  -7.2239303E-05   4.4517882E-06   4.7189131E-04   7.5425383E-04   9.1052747E-04   1.7576431E-04  -5.5914833E-06   1.9416773E-03   1.6287156E-03   3.7899920E-04   3.4906980E-04   7.7907140E-06  -1.1358578E-03  -7.6499491E-04  -7.6711967E-01  -4.2340820E-02   3.8274893E+00  -2.9953360E+01  -3.2321057E+00   7.5421286E+00   5.1631843E+00  -2.6788551E+00  -2.0261807E-01   1.4975662E-01   2.6343996E+00   3.2468318E+00  -4.8070130E-05  -9.3593040E-05   3.7148841E-04  -3.6992632E-04  -5.5928351E-04  -3.4575557E-03   1.0898902E-04  -3.7947720E-05
 -3.6189437E-04   1.3594780E-03  -1.0588921E-04  -1.0505568E-02  -1.4872757E-02  -2.2963046E-02  -3.4957921E-03   3.6088279E-03  -2.1726708E-02  -1.7751867E-02  -6.8891992E-03  -6.5288671E-03  -3.3018082E-03   6.5382134E-03  -3.1055144E-03   3.4868539E+01  -5.5275087E-01  -2.9953360E+01   7.7292987E+02   6.7613517E+01  -5.3702051E+01  -5.8688491E+01   1.3358140E+01  -6.2776404E+00   5.5704243E+00  -1.2293583E+01  -2.3805919E+01   2.5724544E-03  -1.0898820E-03  -5.1183005E-04   8.4754796E-03   9.9213476E-05   4.2453372E-02   3.7207703E-03   5.2838777E-04
 -2.0724391E-04   8.8707343E-04  -7.3345476E-05  -5.2081025E-03  -7.3764598E-03  -6.6937304E-03  -1.3146472E-03   5.0153301E-04   9.2360241E-03  -1.8360142E-03  -2.9819105E-03   2.1743323E-03  -2.5984869E-04  -5.0772690E-03   4.3504007E-03   1.5453044E+00   9.1892687E-01  -3.2321057E+00   6.7613517E+01   6.0802344E+01   4.0101313E+01   1.5115795E+01  -4.9062052E+00  -4.0915719E-01  -1.2963173E+00   3.3982014E+00   4.2128516E+00   4.3533768E-04   3.2104607E-04   6.3987427E-04   2.5030622E-03   3.4473462E-03   3.1895930E-02   6.8855612E-05   9.6276499E-05
 -5.7837266E-05   3.5729261E-04  -3.6817654E-05  -1.8426070E-03  -5.9821559E-04   1.2932504E-03  -1.2365284E-04   3.2083213E-04   1.8569251E-02   4.3961890E-03   8.8630300E-05   4.3575410E-03  -5.5210742E-04  -9.1671299E-03   3.6101159E-03  -1.2941719E+01   1.6946812E+00   7.5421286E+00  -5.3702051E+01   4.0101313E+01   8.4801122E+01   5.2431269E+01  -1.1644607E+01  -8.2195333E-01  -6.4840901E-01   4.9749865E+00   8.1565806E+00   2.9536700E-05  -4.3713736E-04   2.2666767E-03   2.0059319E-03   2.0756246E-03   4.0319658E-03   4.2591301E-04  -3.8666436E-04
  1.4922317E-05   5.7608924E-05  -2.1632369E-05  -4.6016278E-04   4.6189672E-03   4.7433161E-03   2.0704616E-04   1.2089994E-03   2.0858483E-02  -4.6821358E-03  -1.4283124E-03   4.8679489E-03  -5.3003208E-03  -4.1815233E-03   1.3123490E-03  -5.4581748E+01   6.3140950E-01   5.1631843E+00  -5.8688491E+01   1.5115795E+01   5.2431269E+01   1.0269828E+02  -9.0262247E+00  -6.2950773E-01  -1.2195460E+00   5.4686542E+00   3.3248850E+01   1.0204986E-03  -9.6729833E-04  -3.4896056E-04   1.8930411E-03   5.1594136E-03  -6.6721661E-04   4.5913904E-04  -1.3480451E-03
 -3.5326074E-05   1.2239792E-04  -6.9179400E-06  -7.7711850E-04  -2.0335051E-03  -2.2214646E-03  -2.8448890E-04  -1.5189830E-05  -2.9382593E-03   8.2608361E-04  -1.1528802E-03  -1.1384849E-03   7.7682402E-04   2.3702992E-03  -3.8314632E-04  -2.3678881E-01   4.5636913E-02  -2.6788551E+00   1.3358140E+01  -4.9062052E+00  -1.1644607E+01  -9.0262247E+00   5.7852511E+00   1.1043169E-01  -1.8298830E-01  -2.0572646E+00  -2.2707959E+00   9.5791321E-05   1.7956021E-04  -4.4303218E-04   4.4985089E-04   2.9805264E-04   7.3891461E-04  -7.6587402E-05   7.9399619E-06
 -1.9462991E-06  -7.1248123E-07   2.1055818E-06   4.2631516E-05  -1.9601154E-04   2.7814559E-04  -5.3328467E-05   1.2463519E-05   1.3714299E-04  -7.4774374E-04   4.8705232E-04   1.9659548E-04   1.8295823E-04   4.2410605E-04   8.6458868E-04   1.6103772E-01  -6.8968152E-03  -2.0261807E-01  -6.2776404E+00  -4.0915719E-01  -8.2195333E-01  -6.2950773E-01   1.1043169E-01   3.3435547E+00   5.5232303E-01   1.6459854E-01   1.3025398E-01  -4.1905584E-04   2.1097271E-04   2.1284129E-04  -4.9002576E-04  -2.9609252E-04  -5.1190175E-04   1.7664642E-04  -2.8450418E-06
 -1.0289339E-05   3.2414232E-05  -3.0244515E-06  -1.1276061E-04  -7.2849312E-04  -4.1322864E-04  -7.1410995E-05  -8.4113612E-06  -6.2897595E-04  -1.3207942E-04   2.2550659E-05  -2.0054609E-04  -7.2785538E-04  -1.1721420E-04  -5.0770368E-04   5.3499146E-01   1.1086430E-02   1.4975662E-01   5.5704243E+00  -1.2963173E+00  -6.4840901E-01  -1.2195460E+00  -1.8298830E-01   5.5232303E-01   3.1590840E+00   2.7005144E+00   2.7136965E+00   1.8076838E-04  -3.1087209E-04  -6.2027536E-05  -1.1607542E-04   3.4742526E-04  -1.4692257E-04  -1.7967129E-04  -3.7791357E-05
 -1.3505099E-05   4.2876478E-05  -5.2674650E-06  -2.1837837E-04  -8.7741729E-04  -4.0696095E-04  -8.2801883E-05  -9.4768903E-06  -1.0406374E-03  -3.3693573E-04   5.4544776E-04  -7.6378814E-05  -1.0729791E-03  -1.8472127E-03  -1.1687720E-03  -5.8455461E+00   1.1173424E-01   2.6343996E+00  -1.2293583E+01   3.3982014E+00   4.9749865E+00   5.4686542E+00  -2.0572646E+00   1.6459854E-01   2.7005144E+00   1.0789424E+01   1.9292269E+01   4.5626684E-04  -1.4622224E-04  -6.1747586E-04  -6.3011439E-04  -8.7536517E-05   7.0428287E-03  -2.6060091E-05   4.0613664E-04
  7.7622572E-06  -1.7686851E-05  -1.7645929E-06   7.3428959E-06   1.4131095E-03   1.1502589E-03  -1.1041136E-04   7.7225171E-04   2.0768740E-03  -2.6028176E-03   8.4763785E-05   9.5401547E-04  -4.5149933E-03  -2.6330139E-03  -5.0942096E-04  -3.3203709E+01   1.4622003E-01   3.2468318E+00  -2.3805919E+01   4.2128516E+00   8.1565806E+00   3.3248850E+01  -2.2707959E+00   1.3025398E-01   2.7136965E+00   1.9292269E+01   5.3568651E+01   7.3549458E-04  -3.5167026E-04  -9.0625325E-04  -1.3562368E-04  -6.1182215E-04   1.0697690E-02   6.2328603E-05   9.2287091E-04
 -5.1901043E-08   3.9880957E-07  -5.3895264E-08  -2.0943406E-06  -2.4926784E-06  -1.1173777E-06   1.3758301E-06   3.9757169E-07   2.6042922E-05  -2.9456794E-05   9.8436921E-07   1.9582950E-06  -1.1718471E-05   3.0338493E-06  -4.3454917E-06  -4.7145854E-04  -1.3812886E-06  -4.8070130E-05   2.5724544E-03   4.3533768E-04   2.9536700E-05   1.0204986E-03   9.5791321E-05  -4.1905584E-04   1.8076838E-04   4.5626684E-04   7.3549458E-04   1.4490752E-03   2.7072033E-04   9.2505517E-05  -3.6836224E-04  -1.0085619E-04  -1.0474534E-04   4.7205632E-08  -1.1413848E-08
 -4.7550661E-08   9.2091841E-08  -3.2499546E-08  -7.4467245E-07  -2.1368527E-06   1.7160067E-07   1.3838267E-06  -2.3520354E-07   4.7775542E-06  -1.0183928E-05   9.1691915E-06   6.2787300E-06   6.6971845E-07  -1.4323492E-05   1.4629126E-05   4.7360717E-04  -4.9480090E-06  -9.3593040E-05  -1.0898820E-03   3.2104607E-04  -4.3713736E-04  -9.6729833E-04   1.7956021E-04   2.1097271E-04  -3.1087209E-04  -1.4622224E-04  -3.5167026E-04   2.7072033E-04   8.6937818E-04   2.9423339E-05   7.3587334E-04   5.5135449E-05  -7.1340716E-04  -4.5162434E-08   1.6178131E-08
 -1.0060390E-07   2.9662718E-07  -1.4148318E-07  -9.9886101E-07  -2.2651764E-06  -2.0697849E-07  -4.7781740E-07  -9.6959242E-08  -9.3746611E-05   2.9927887E-05  -1.4385805E-05  -1.7123440E-05  -4.0097430E-05   4.7049049E-05   1.9626729E-05   1.4191023E-03  -2.0840582E-05   3.7148841E-04  -5.1183005E-04   6.3987427E-04   2.2666767E-03  -3.4896056E-04  -4.4303218E-04   2.1284129E-04  -6.2027536E-05  -6.1747586E-04  -9.0625325E-04   9.2505517E-05   2.9423339E-05   7.2150750E-03  -3.0318403E-04   6.4393864E-04   4.4910059E-03  -4.6892617E-08   1.1929709E-07
 -2.7345537E-07   1.3608885E-06  -2.3952961E-07  -5.3792882E-06  -1.0038962E-05  -3.1982439E-06   2.6219848E-06  -7.4011946E-07   4.4916043E-05  -1.7041140E-05   1.6997915E-06   1.6320077E-05   3.0144179E-05  -3.8363488E-05  -4.2064832E-06  -1.2127476E-04  -6.6758774E-06  -3.6992632E-04   8.4754796E-03   2.5030622E-03   2.0059319E-03   1.8930411E-03   4.4985089E-04  -4.9002576E-04  -1.1607542E-04  -6.3011439E-04  -1.3562368E-04  -3.6836224E-04   7.3587334E-04  -3.0318403E-04   2.9063958E-03   5.3407584E-04  -9.4216816E-04   6.9259740E-08   1.0965254E-07
 -4.7112534E-07   2.3386801E-06  -4.2432647E-07  -7.3659304E-06  -1.2206321E-05  -4.2516698E-06  -3.1997179E-07  -6.6622978E-07  -4.2436098E-05  -8.0767493E-06  -2.5242853E-05  -3.6861514E-06   4.0601261E-05   8.6537560E-06  -4.9133827E-05  -1.4782974E-03   6.8697941E-06  -5.5928351E-04   9.9213476E-05   3.4473462E-03   2.0756246E-03   5.1594136E-03   2.9805264E-04  -2.9609252E-04   3.4742526E-04  -8.7536517E-05  -6.1182215E-04  -1.0085619E-04   5.5135449E-05   6.4393864E-04   5.3407584E-04   6.4267168E-03   7.9263282E-03  -1.0484465E-07  -1.9714013E-07
 -2.1845076E-06   1.2859488E-05  -2.0407817E-06  -4.2021699E-05  -5.1156696E-05  -2.8127954E-05  -9.3988324E-06   5.2040425E-06  -1.9724221E-04  -8.6453424E-05  -8.6947540E-05  -3.4184341E-05   2.8403674E-05   1.2579450E-04  -1.2839474E-04   6.7987122E-03  -1.2326237E-05  -3.4575557E-03   4.2453372E-02   3.1895930E-02   4.0319658E-03  -6.6721661E-04   7.3891461E-04  -5.1190175E-04  -1.4692257E-04   7.0428287E-03   1.0697690E-02  -1.0474534E-04  -7.1340716E-04   4.4910059E-03  -9.4216816E-04   7.9263282E-03   7.2003720E-02  -3.0766474E-07  -2.5578176E-07
  2.8562835E-09  -8.7923646E-09   1.2240805E-09  -2.4733920E-08   7.1945182E-08  -5.7723272E-08  -1.9525108E-08  -1.2657212E-09  -2.1675909E-07   1.7783981E-07   1.3538669E-08  -1.0593855E-07   2.1929867E-09  -5.5497039E-08   3.1839427E-08  -2.0195455E-04   4.3845083E-06   1.0898902E-04   3.7207703E-03   6.8855612E-05   4.2591301E-04   4.5913904E-04  -7.6587402E-05   1.7664642E-04  -1.7967129E-04  -2.6060091E-05   6.2328603E-05   4.7205632E-08  -4.5162434E-08  -4.6892617E-08   6.9259740E-08  -1.0484465E-07  -3.0766474E-07   3.7542390E-07  -7.1411821E-10
 -1.5455740E-09   6.5815210E-09  -8.0837956E-11  -5.9645920E-08  -1.1642950E-07  -7.7212348E-08  -2.9072048E-08  -4.0807362E-10  -4.4902980E-07   1.5825349E-07  -2.5151900E-08  -1.0695370E-07   1.8028488E-07  -1.8848031E-07   4.1403048E-08   7.1612935E-04  -2.0581454E-06  -3.7947720E-05   5.2838777E-04   9.6276499E-05  -3.8666436E-04  -1.3480451E-03   7.9399619E-06  -2.8450418E-06  -3.7791357E-05   4.0613664E-04   9.2287091E-04  -1.1413848E-08   1.6178131E-08   1.1929709E-07   1.0965254E-07  -1.9714013E-07  -2.5578176E-07  -7.1411821E-10   3.8665051E-07
